{"status":"OK","subtests":[{"name":"CSS Transitions: property <transform> from [none] to [none] at (0.25) should be [none]","status":"PASS"},{"name":"CSS Transitions with transition: all: property <transform> from [none] to [none] at (0.25) should be [none]","status":"PASS"},{"name":"CSS Animations: property <transform> from [none] to [none] at (0.25) should be [none]","status":"FAIL"},{"name":"Web Animations: property <transform> from [none] to [none] at (0.25) should be [none]","status":"FAIL"},{"name":"CSS Transitions: property <transform> from [none] to [translate(200px) rotate(720deg)] at (0.25) should be [matrix(-1, 1.2246467991473532e-16, -1.2246467991473532e-16, -1, 50, 0)]","status":"FAIL"},{"name":"CSS Transitions with transition: all: property <transform> from [none] to [translate(200px) rotate(720deg)] at (0.25) should be [matrix(-1, 1.2246467991473532e-16, -1.2246467991473532e-16, -1, 50, 0)]","status":"FAIL"},{"name":"CSS Animations: property <transform> from [none] to [translate(200px) rotate(720deg)] at (0.25) should be [matrix(-1, 1.2246467991473532e-16, -1.2246467991473532e-16, -1, 50, 0)]","status":"FAIL"},{"name":"Web Animations: property <transform> from [none] to [translate(200px) rotate(720deg)] at (0.25) should be [matrix(-1, 1.2246467991473532e-16, -1.2246467991473532e-16, -1, 50, 0)]","status":"PASS"},{"name":"CSS Transitions: property <transform> from [translate(200px) rotate(720deg)] to [none] at (0.25) should be [matrix(-1, 3.6739403974420594e-16, -3.6739403974420594e-16, -1, 150, 0)]","status":"FAIL"},{"name":"CSS Transitions with transition: all: property <transform> from [translate(200px) rotate(720deg)] to [none] at (0.25) should be [matrix(-1, 3.6739403974420594e-16, -3.6739403974420594e-16, -1, 150, 0)]","status":"FAIL"},{"name":"CSS Animations: property <transform> from [translate(200px) rotate(720deg)] to [none] at (0.25) should be [matrix(-1, 3.6739403974420594e-16, -3.6739403974420594e-16, -1, 150, 0)]","status":"FAIL"},{"name":"Web Animations: property <transform> from [translate(200px) rotate(720deg)] to [none] at (0.25) should be [matrix(-1, 3.6739403974420594e-16, -3.6739403974420594e-16, -1, 150, 0)]","status":"PASS"},{"name":"CSS Transitions: property <transform> from [translate(100px)] to [translate(200px) rotate(720deg)] at (0.25) should be [matrix(-1, 1.2246467991473532e-16, -1.2246467991473532e-16, -1, 125, 0)]","status":"FAIL"},{"name":"CSS Transitions with transition: all: property <transform> from [translate(100px)] to [translate(200px) rotate(720deg)] at (0.25) should be [matrix(-1, 1.2246467991473532e-16, -1.2246467991473532e-16, -1, 125, 0)]","status":"FAIL"},{"name":"CSS Animations: property <transform> from [translate(100px)] to [translate(200px) rotate(720deg)] at (0.25) should be [matrix(-1, 1.2246467991473532e-16, -1.2246467991473532e-16, -1, 125, 0)]","status":"FAIL"},{"name":"Web Animations: property <transform> from [translate(100px)] to [translate(200px) rotate(720deg)] at (0.25) should be [matrix(-1, 1.2246467991473532e-16, -1.2246467991473532e-16, -1, 125, 0)]","status":"FAIL"},{"name":"CSS Transitions: property <transform> from [translate(100px) rotate(720deg)] to [translate(200px)] at (0.25) should be [matrix(-1, 3.6739403974420594e-16, -3.6739403974420594e-16, -1, 125, 0)]","status":"FAIL"},{"name":"CSS Transitions with transition: all: property <transform> from [translate(100px) rotate(720deg)] to [translate(200px)] at (0.25) should be [matrix(-1, 3.6739403974420594e-16, -3.6739403974420594e-16, -1, 125, 0)]","status":"FAIL"},{"name":"CSS Animations: property <transform> from [translate(100px) rotate(720deg)] to [translate(200px)] at (0.25) should be [matrix(-1, 3.6739403974420594e-16, -3.6739403974420594e-16, -1, 125, 0)]","status":"FAIL"},{"name":"Web Animations: property <transform> from [translate(100px) rotate(720deg)] to [translate(200px)] at (0.25) should be [matrix(-1, 3.6739403974420594e-16, -3.6739403974420594e-16, -1, 125, 0)]","status":"FAIL"},{"name":"CSS Transitions: property <transform> from [scale(2) rotate(360deg) translate(100px) matrix(1, 0, 0, 1, 100, 0) skew(0deg)] to [scale(3) rotate(1080deg) translate(200px) matrix(1, 0, 0, 1, 0, 200) skew(720deg)] at (0.25) should be [matrix(-2.25, 8.266365894244633e-16, -5.510910596163089e-16, -2.25, -450, -112.49999999999984)]","status":"FAIL"},{"name":"CSS Transitions with transition: all: property <transform> from [scale(2) rotate(360deg) translate(100px) matrix(1, 0, 0, 1, 100, 0) skew(0deg)] to [scale(3) rotate(1080deg) translate(200px) matrix(1, 0, 0, 1, 0, 200) skew(720deg)] at (0.25) should be [matrix(-2.25, 8.266365894244633e-16, -5.510910596163089e-16, -2.25, -450, -112.49999999999984)]","status":"FAIL"},{"name":"CSS Animations: property <transform> from [scale(2) rotate(360deg) translate(100px) matrix(1, 0, 0, 1, 100, 0) skew(0deg)] to [scale(3) rotate(1080deg) translate(200px) matrix(1, 0, 0, 1, 0, 200) skew(720deg)] at (0.25) should be [matrix(-2.25, 8.266365894244633e-16, -5.510910596163089e-16, -2.25, -450, -112.49999999999984)]","status":"FAIL"},{"name":"Web Animations: property <transform> from [scale(2) rotate(360deg) translate(100px) matrix(1, 0, 0, 1, 100, 0) skew(0deg)] to [scale(3) rotate(1080deg) translate(200px) matrix(1, 0, 0, 1, 0, 200) skew(720deg)] at (0.25) should be [matrix(-2.25, 8.266365894244633e-16, -5.510910596163089e-16, -2.25, -450, -112.49999999999984)]","status":"PASS"},{"name":"CSS Transitions: property <transform> from [translateX(100px) scaleX(3) translate(500px) scale(2)] to [translateY(200px) scale(5) translateX(100px) scaleY(3)] at (0.25) should be [matrix(6.125, 0, 0, 4.5, 1475, 50)]","status":"FAIL"},{"name":"CSS Transitions with transition: all: property <transform> from [translateX(100px) scaleX(3) translate(500px) scale(2)] to [translateY(200px) scale(5) translateX(100px) scaleY(3)] at (0.25) should be [matrix(6.125, 0, 0, 4.5, 1475, 50)]","status":"FAIL"},{"name":"CSS Animations: property <transform> from [translateX(100px) scaleX(3) translate(500px) scale(2)] to [translateY(200px) scale(5) translateX(100px) scaleY(3)] at (0.25) should be [matrix(6.125, 0, 0, 4.5, 1475, 50)]","status":"FAIL"},{"name":"Web Animations: property <transform> from [translateX(100px) scaleX(3) translate(500px) scale(2)] to [translateY(200px) scale(5) translateX(100px) scaleY(3)] at (0.25) should be [matrix(6.125, 0, 0, 4.5, 1475, 50)]","status":"FAIL"},{"name":"CSS Transitions: property <transform> from [rotateX(90deg) translateX(100px)] to [rotate3d(50, 0, 0, 180deg) translateY(200px)] at (0.25) should be [matrix3d(1, 0, 0, 0, 0, -0.3826834323650897, 0.9238795325112867, 0, 0, -0.9238795325112867, -0.3826834323650897, 0, 75, -19.134171618254488, 46.19397662556434, 1)]","status":"FAIL"},{"name":"CSS Transitions with transition: all: property <transform> from [rotateX(90deg) translateX(100px)] to [rotate3d(50, 0, 0, 180deg) translateY(200px)] at (0.25) should be [matrix3d(1, 0, 0, 0, 0, -0.3826834323650897, 0.9238795325112867, 0, 0, -0.9238795325112867, -0.3826834323650897, 0, 75, -19.134171618254488, 46.19397662556434, 1)]","status":"FAIL"},{"name":"CSS Animations: property <transform> from [rotateX(90deg) translateX(100px)] to [rotate3d(50, 0, 0, 180deg) translateY(200px)] at (0.25) should be [matrix3d(1, 0, 0, 0, 0, -0.3826834323650897, 0.9238795325112867, 0, 0, -0.9238795325112867, -0.3826834323650897, 0, 75, -19.134171618254488, 46.19397662556434, 1)]","status":"FAIL"},{"name":"Web Animations: property <transform> from [rotateX(90deg) translateX(100px)] to [rotate3d(50, 0, 0, 180deg) translateY(200px)] at (0.25) should be [matrix3d(1, 0, 0, 0, 0, -0.3826834323650897, 0.9238795325112867, 0, 0, -0.9238795325112867, -0.3826834323650897, 0, 75, -19.134171618254488, 46.19397662556434, 1)]","status":"FAIL"},{"name":"CSS Transitions: property <transform> from [rotateX(90deg) translateX(100px)] to [rotateY(0deg) translateY(200px)] at (0.25) should be [matrix3d(1, 0, 0, 0, 0, 0.38268343236508984, 0.9238795325112867, 0, 0, -0.9238795325112867, 0.38268343236508984, 0, 75, 19.13417161825449, 46.19397662556434, 1)]","status":"FAIL"},{"name":"CSS Transitions with transition: all: property <transform> from [rotateX(90deg) translateX(100px)] to [rotateY(0deg) translateY(200px)] at (0.25) should be [matrix3d(1, 0, 0, 0, 0, 0.38268343236508984, 0.9238795325112867, 0, 0, -0.9238795325112867, 0.38268343236508984, 0, 75, 19.13417161825449, 46.19397662556434, 1)]","status":"FAIL"},{"name":"CSS Animations: property <transform> from [rotateX(90deg) translateX(100px)] to [rotateY(0deg) translateY(200px)] at (0.25) should be [matrix3d(1, 0, 0, 0, 0, 0.38268343236508984, 0.9238795325112867, 0, 0, -0.9238795325112867, 0.38268343236508984, 0, 75, 19.13417161825449, 46.19397662556434, 1)]","status":"FAIL"},{"name":"Web Animations: property <transform> from [rotateX(90deg) translateX(100px)] to [rotateY(0deg) translateY(200px)] at (0.25) should be [matrix3d(1, 0, 0, 0, 0, 0.38268343236508984, 0.9238795325112867, 0, 0, -0.9238795325112867, 0.38268343236508984, 0, 75, 19.13417161825449, 46.19397662556434, 1)]","status":"FAIL"},{"name":"CSS Transitions: property <transform> from [rotate3d(1, 1, 1, -60deg) translateX(100px)] to [rotate3d(2, 2, 2, 60deg) translateY(200px)] at (0.25) should be [matrix3d(0.9106836025229591, -0.24401693585629242, 0.3333333333333333, 0, 0.3333333333333333, 0.9106836025229591, -0.24401693585629242, 0, -0.24401693585629242, 0.3333333333333333, 0.9106836025229591, 0, 84.96793685588861, 27.23290993692602, 12.799153207185379, 1)]","status":"FAIL"},{"name":"CSS Transitions with transition: all: property <transform> from [rotate3d(1, 1, 1, -60deg) translateX(100px)] to [rotate3d(2, 2, 2, 60deg) translateY(200px)] at (0.25) should be [matrix3d(0.9106836025229591, -0.24401693585629242, 0.3333333333333333, 0, 0.3333333333333333, 0.9106836025229591, -0.24401693585629242, 0, -0.24401693585629242, 0.3333333333333333, 0.9106836025229591, 0, 84.96793685588861, 27.23290993692602, 12.799153207185379, 1)]","status":"FAIL"},{"name":"CSS Animations: property <transform> from [rotate3d(1, 1, 1, -60deg) translateX(100px)] to [rotate3d(2, 2, 2, 60deg) translateY(200px)] at (0.25) should be [matrix3d(0.9106836025229591, -0.24401693585629242, 0.3333333333333333, 0, 0.3333333333333333, 0.9106836025229591, -0.24401693585629242, 0, -0.24401693585629242, 0.3333333333333333, 0.9106836025229591, 0, 84.96793685588861, 27.23290993692602, 12.799153207185379, 1)]","status":"FAIL"},{"name":"Web Animations: property <transform> from [rotate3d(1, 1, 1, -60deg) translateX(100px)] to [rotate3d(2, 2, 2, 60deg) translateY(200px)] at (0.25) should be [matrix3d(0.9106836025229591, -0.24401693585629242, 0.3333333333333333, 0, 0.3333333333333333, 0.9106836025229591, -0.24401693585629242, 0, -0.24401693585629242, 0.3333333333333333, 0.9106836025229591, 0, 84.96793685588861, 27.23290993692602, 12.799153207185379, 1)]","status":"FAIL"},{"name":"CSS Transitions: property <transform> from [rotate3d(1, 0, 0, 360deg) translateX(100px)] to [rotate3d(0, 1, 0, -720deg) translateY(200px)] at (0.25) should be [matrix(1, 0, 0, 1, 75, 50)]","status":"FAIL"},{"name":"CSS Transitions with transition: all: property <transform> from [rotate3d(1, 0, 0, 360deg) translateX(100px)] to [rotate3d(0, 1, 0, -720deg) translateY(200px)] at (0.25) should be [matrix(1, 0, 0, 1, 75, 50)]","status":"FAIL"},{"name":"CSS Animations: property <transform> from [rotate3d(1, 0, 0, 360deg) translateX(100px)] to [rotate3d(0, 1, 0, -720deg) translateY(200px)] at (0.25) should be [matrix(1, 0, 0, 1, 75, 50)]","status":"FAIL"},{"name":"Web Animations: property <transform> from [rotate3d(1, 0, 0, 360deg) translateX(100px)] to [rotate3d(0, 1, 0, -720deg) translateY(200px)] at (0.25) should be [matrix(1, 0, 0, 1, 75, 50)]","status":"FAIL"},{"name":"CSS Transitions: property <transform> from [rotate(0deg) translate(100px)] to [rotate(720deg) scale(2) translate(200px)] at (0.25) should be [matrix(-1.25, 1.5308084989341916e-16, -1.5308084989341916e-16, -1.25, -175, 2.1431318985078682e-14)]","status":"FAIL"},{"name":"CSS Transitions with transition: all: property <transform> from [rotate(0deg) translate(100px)] to [rotate(720deg) scale(2) translate(200px)] at (0.25) should be [matrix(-1.25, 1.5308084989341916e-16, -1.5308084989341916e-16, -1.25, -175, 2.1431318985078682e-14)]","status":"FAIL"},{"name":"CSS Animations: property <transform> from [rotate(0deg) translate(100px)] to [rotate(720deg) scale(2) translate(200px)] at (0.25) should be [matrix(-1.25, 1.5308084989341916e-16, -1.5308084989341916e-16, -1.25, -175, 2.1431318985078682e-14)]","status":"FAIL"},{"name":"Web Animations: property <transform> from [rotate(0deg) translate(100px)] to [rotate(720deg) scale(2) translate(200px)] at (0.25) should be [matrix(-1.25, 1.5308084989341916e-16, -1.5308084989341916e-16, -1.25, -175, 2.1431318985078682e-14)]","status":"FAIL"},{"name":"CSS Transitions: property <transform> from [scale(2) rotate(0deg) translate(100px)] to [rotate(720deg) scale(2) translate(200px)] at (0.25) should be [matrix(2, 0, 0, 2, 250, 0)]","status":"FAIL"},{"name":"CSS Transitions with transition: all: property <transform> from [scale(2) rotate(0deg) translate(100px)] to [rotate(720deg) scale(2) translate(200px)] at (0.25) should be [matrix(2, 0, 0, 2, 250, 0)]","status":"FAIL"},{"name":"CSS Animations: property <transform> from [scale(2) rotate(0deg) translate(100px)] to [rotate(720deg) scale(2) translate(200px)] at (0.25) should be [matrix(2, 0, 0, 2, 250, 0)]","status":"FAIL"},{"name":"Web Animations: property <transform> from [scale(2) rotate(0deg) translate(100px)] to [rotate(720deg) scale(2) translate(200px)] at (0.25) should be [matrix(2, 0, 0, 2, 250, 0)]","status":"PASS"},{"name":"CSS Transitions: property <transform> from [scale(2) rotate(0deg)] to [rotate(720deg) scale(2) translate(200px)] at (0.25) should be [matrix(2, 0, 0, 2, 100, 0)]","status":"FAIL"},{"name":"CSS Transitions with transition: all: property <transform> from [scale(2) rotate(0deg)] to [rotate(720deg) scale(2) translate(200px)] at (0.25) should be [matrix(2, 0, 0, 2, 100, 0)]","status":"FAIL"},{"name":"CSS Animations: property <transform> from [scale(2) rotate(0deg)] to [rotate(720deg) scale(2) translate(200px)] at (0.25) should be [matrix(2, 0, 0, 2, 100, 0)]","status":"FAIL"},{"name":"Web Animations: property <transform> from [scale(2) rotate(0deg)] to [rotate(720deg) scale(2) translate(200px)] at (0.25) should be [matrix(2, 0, 0, 2, 100, 0)]","status":"PASS"},{"name":"CSS Transitions: property <transform> from [rotate(0deg) scaleX(1)] to [rotate(720deg) translateX(0px) scaleX(2)] at (0.25) should be [matrix(-1.25, 1.5308084989341916e-16, -1.2246467991473532e-16, -1, 0, 0)]","status":"FAIL"},{"name":"CSS Transitions with transition: all: property <transform> from [rotate(0deg) scaleX(1)] to [rotate(720deg) translateX(0px) scaleX(2)] at (0.25) should be [matrix(-1.25, 1.5308084989341916e-16, -1.2246467991473532e-16, -1, 0, 0)]","status":"FAIL"},{"name":"CSS Animations: property <transform> from [rotate(0deg) scaleX(1)] to [rotate(720deg) translateX(0px) scaleX(2)] at (0.25) should be [matrix(-1.25, 1.5308084989341916e-16, -1.2246467991473532e-16, -1, 0, 0)]","status":"FAIL"},{"name":"Web Animations: property <transform> from [rotate(0deg) scaleX(1)] to [rotate(720deg) translateX(0px) scaleX(2)] at (0.25) should be [matrix(-1.25, 1.5308084989341916e-16, -1.2246467991473532e-16, -1, 0, 0)]","status":"FAIL"},{"name":"CSS Transitions: property <transform> from [rotate(720deg) translateX(0px) scaleX(2)] to [rotate(0deg) scaleX(1)] at (0.25) should be [matrix(-1.75, 6.429395695523604e-16, -3.6739403974420594e-16, -1, 0, 0)]","status":"FAIL"},{"name":"CSS Transitions with transition: all: property <transform> from [rotate(720deg) translateX(0px) scaleX(2)] to [rotate(0deg) scaleX(1)] at (0.25) should be [matrix(-1.75, 6.429395695523604e-16, -3.6739403974420594e-16, -1, 0, 0)]","status":"FAIL"},{"name":"CSS Animations: property <transform> from [rotate(720deg) translateX(0px) scaleX(2)] to [rotate(0deg) scaleX(1)] at (0.25) should be [matrix(-1.75, 6.429395695523604e-16, -3.6739403974420594e-16, -1, 0, 0)]","status":"FAIL"},{"name":"Web Animations: property <transform> from [rotate(720deg) translateX(0px) scaleX(2)] to [rotate(0deg) scaleX(1)] at (0.25) should be [matrix(-1.75, 6.429395695523604e-16, -3.6739403974420594e-16, -1, 0, 0)]","status":"FAIL"},{"name":"CSS Transitions: property <transform> from [scaleX(-3) scaleY(2)] to [scaleY(-3) translateX(0px) scaleX(2)] at (0.25) should be [matrix(-2.5, 0, 0, 0, 0, 0)]","status":"FAIL"},{"name":"CSS Transitions with transition: all: property <transform> from [scaleX(-3) scaleY(2)] to [scaleY(-3) translateX(0px) scaleX(2)] at (0.25) should be [matrix(-2.5, 0, 0, 0, 0, 0)]","status":"FAIL"},{"name":"CSS Animations: property <transform> from [scaleX(-3) scaleY(2)] to [scaleY(-3) translateX(0px) scaleX(2)] at (0.25) should be [matrix(-2.5, 0, 0, 0, 0, 0)]","status":"FAIL"},{"name":"Web Animations: property <transform> from [scaleX(-3) scaleY(2)] to [scaleY(-3) translateX(0px) scaleX(2)] at (0.25) should be [matrix(-2.5, 0, 0, 0, 0, 0)]","status":"FAIL"},{"name":"CSS Transitions: property <transform> from [scaleY(-3) translateX(0px) scaleX(2)] to [scaleX(-3) scaleY(2)] at (0.25) should be [matrix(0, 0, 0, -2.5, 0, 0)]","status":"FAIL"},{"name":"CSS Transitions with transition: all: property <transform> from [scaleY(-3) translateX(0px) scaleX(2)] to [scaleX(-3) scaleY(2)] at (0.25) should be [matrix(0, 0, 0, -2.5, 0, 0)]","status":"FAIL"},{"name":"CSS Animations: property <transform> from [scaleY(-3) translateX(0px) scaleX(2)] to [scaleX(-3) scaleY(2)] at (0.25) should be [matrix(0, 0, 0, -2.5, 0, 0)]","status":"FAIL"},{"name":"Web Animations: property <transform> from [scaleY(-3) translateX(0px) scaleX(2)] to [scaleX(-3) scaleY(2)] at (0.25) should be [matrix(0, 0, 0, -2.5, 0, 0)]","status":"FAIL"},{"name":"CSS Transitions: property <transform> from [scaleY(-3) translateX(0px)] to [scaleX(-3) scaleY(2)] at (0.25) should be [matrix(0, 0, 0, -2.5, 0, 0)]","status":"FAIL"},{"name":"CSS Transitions with transition: all: property <transform> from [scaleY(-3) translateX(0px)] to [scaleX(-3) scaleY(2)] at (0.25) should be [matrix(0, 0, 0, -2.5, 0, 0)]","status":"FAIL"},{"name":"CSS Animations: property <transform> from [scaleY(-3) translateX(0px)] to [scaleX(-3) scaleY(2)] at (0.25) should be [matrix(0, 0, 0, -2.5, 0, 0)]","status":"FAIL"},{"name":"Web Animations: property <transform> from [scaleY(-3) translateX(0px)] to [scaleX(-3) scaleY(2)] at (0.25) should be [matrix(0, 0, 0, -2.5, 0, 0)]","status":"FAIL"}]}