{"status":"OK","subtests":[{"name":"CSS Transitions: property <transform> from [perspective(400px)] to [perspective(500px)] at (-1) should be [matrix3d(1, 0, 0, 0, 0, 1, 0, 0, 0, 0, 1, -0.0033333333333333335, 0, 0, 0, 1)]","status":"PASS"},{"name":"CSS Transitions: property <transform> from [perspective(400px)] to [perspective(500px)] at (0) should be [matrix3d(1, 0, 0, 0, 0, 1, 0, 0, 0, 0, 1, -0.0025, 0, 0, 0, 1)]","status":"PASS"},{"name":"CSS Transitions: property <transform> from [perspective(400px)] to [perspective(500px)] at (0.25) should be [matrix3d(1, 0, 0, 0, 0, 1, 0, 0, 0, 0, 1, -0.002352941176470588, 0, 0, 0, 1)]","status":"PASS"},{"name":"CSS Transitions: property <transform> from [perspective(400px)] to [perspective(500px)] at (0.75) should be [matrix3d(1, 0, 0, 0, 0, 1, 0, 0, 0, 0, 1, -0.002105263157894737, 0, 0, 0, 1)]","status":"PASS"},{"name":"CSS Transitions: property <transform> from [perspective(400px)] to [perspective(500px)] at (1) should be [matrix3d(1, 0, 0, 0, 0, 1, 0, 0, 0, 0, 1, -0.002, 0, 0, 0, 1)]","status":"PASS"},{"name":"CSS Transitions: property <transform> from [perspective(400px)] to [perspective(500px)] at (2) should be [matrix3d(1, 0, 0, 0, 0, 1, 0, 0, 0, 0, 1, -0.0016666666666666668, 0, 0, 0, 1)]","status":"PASS"},{"name":"CSS Transitions with transition: all: property <transform> from [perspective(400px)] to [perspective(500px)] at (-1) should be [matrix3d(1, 0, 0, 0, 0, 1, 0, 0, 0, 0, 1, -0.0033333333333333335, 0, 0, 0, 1)]","status":"PASS"},{"name":"CSS Transitions with transition: all: property <transform> from [perspective(400px)] to [perspective(500px)] at (0) should be [matrix3d(1, 0, 0, 0, 0, 1, 0, 0, 0, 0, 1, -0.0025, 0, 0, 0, 1)]","status":"PASS"},{"name":"CSS Transitions with transition: all: property <transform> from [perspective(400px)] to [perspective(500px)] at (0.25) should be [matrix3d(1, 0, 0, 0, 0, 1, 0, 0, 0, 0, 1, -0.002352941176470588, 0, 0, 0, 1)]","status":"PASS"},{"name":"CSS Transitions with transition: all: property <transform> from [perspective(400px)] to [perspective(500px)] at (0.75) should be [matrix3d(1, 0, 0, 0, 0, 1, 0, 0, 0, 0, 1, -0.002105263157894737, 0, 0, 0, 1)]","status":"PASS"},{"name":"CSS Transitions with transition: all: property <transform> from [perspective(400px)] to [perspective(500px)] at (1) should be [matrix3d(1, 0, 0, 0, 0, 1, 0, 0, 0, 0, 1, -0.002, 0, 0, 0, 1)]","status":"PASS"},{"name":"CSS Transitions with transition: all: property <transform> from [perspective(400px)] to [perspective(500px)] at (2) should be [matrix3d(1, 0, 0, 0, 0, 1, 0, 0, 0, 0, 1, -0.0016666666666666668, 0, 0, 0, 1)]","status":"PASS"},{"name":"CSS Animations: property <transform> from [perspective(400px)] to [perspective(500px)] at (-1) should be [matrix3d(1, 0, 0, 0, 0, 1, 0, 0, 0, 0, 1, -0.0033333333333333335, 0, 0, 0, 1)]","status":"PASS"},{"name":"CSS Animations: property <transform> from [perspective(400px)] to [perspective(500px)] at (0) should be [matrix3d(1, 0, 0, 0, 0, 1, 0, 0, 0, 0, 1, -0.0025, 0, 0, 0, 1)]","status":"PASS"},{"name":"CSS Animations: property <transform> from [perspective(400px)] to [perspective(500px)] at (0.25) should be [matrix3d(1, 0, 0, 0, 0, 1, 0, 0, 0, 0, 1, -0.002352941176470588, 0, 0, 0, 1)]","status":"PASS"},{"name":"CSS Animations: property <transform> from [perspective(400px)] to [perspective(500px)] at (0.75) should be [matrix3d(1, 0, 0, 0, 0, 1, 0, 0, 0, 0, 1, -0.002105263157894737, 0, 0, 0, 1)]","status":"PASS"},{"name":"CSS Animations: property <transform> from [perspective(400px)] to [perspective(500px)] at (1) should be [matrix3d(1, 0, 0, 0, 0, 1, 0, 0, 0, 0, 1, -0.002, 0, 0, 0, 1)]","status":"PASS"},{"name":"CSS Animations: property <transform> from [perspective(400px)] to [perspective(500px)] at (2) should be [matrix3d(1, 0, 0, 0, 0, 1, 0, 0, 0, 0, 1, -0.0016666666666666668, 0, 0, 0, 1)]","status":"PASS"},{"name":"Web Animations: property <transform> from [perspective(400px)] to [perspective(500px)] at (-1) should be [matrix3d(1, 0, 0, 0, 0, 1, 0, 0, 0, 0, 1, -0.0033333333333333335, 0, 0, 0, 1)]","status":"PASS"},{"name":"Web Animations: property <transform> from [perspective(400px)] to [perspective(500px)] at (0) should be [matrix3d(1, 0, 0, 0, 0, 1, 0, 0, 0, 0, 1, -0.0025, 0, 0, 0, 1)]","status":"PASS"},{"name":"Web Animations: property <transform> from [perspective(400px)] to [perspective(500px)] at (0.25) should be [matrix3d(1, 0, 0, 0, 0, 1, 0, 0, 0, 0, 1, -0.002352941176470588, 0, 0, 0, 1)]","status":"PASS"},{"name":"Web Animations: property <transform> from [perspective(400px)] to [perspective(500px)] at (0.75) should be [matrix3d(1, 0, 0, 0, 0, 1, 0, 0, 0, 0, 1, -0.002105263157894737, 0, 0, 0, 1)]","status":"PASS"},{"name":"Web Animations: property <transform> from [perspective(400px)] to [perspective(500px)] at (1) should be [matrix3d(1, 0, 0, 0, 0, 1, 0, 0, 0, 0, 1, -0.002, 0, 0, 0, 1)]","status":"PASS"},{"name":"Web Animations: property <transform> from [perspective(400px)] to [perspective(500px)] at (2) should be [matrix3d(1, 0, 0, 0, 0, 1, 0, 0, 0, 0, 1, -0.0016666666666666668, 0, 0, 0, 1)]","status":"PASS"},{"name":"CSS Transitions: property <transform> from [skewX(10rad) perspective(400px)] to [skewX(20rad) perspective(500px)] at (-1) should be [matrix3d(1, 0, 0, 0, 0, 1, 0, 0, 0, 0, 1, -0.0033333333333333335, 0, 0, 0, 1)]","status":"FAIL"},{"name":"CSS Transitions: property <transform> from [skewX(10rad) perspective(400px)] to [skewX(20rad) perspective(500px)] at (0) should be [matrix3d(1, 0, 0, 0, 0.6483608274590867, 1, 0, 0, 0, 0, 1, -0.0025, 0, 0, 0, 1)]","status":"PASS"},{"name":"CSS Transitions: property <transform> from [skewX(10rad) perspective(400px)] to [skewX(20rad) perspective(500px)] at (0.25) should be [matrix3d(1, 0, 0, 0, -0.06646824186327419, 1, 0, 0, 0, 0, 1, -0.002352941176470588, 0, 0, 0, 1)]","status":"FAIL"},{"name":"CSS Transitions: property <transform> from [skewX(10rad) perspective(400px)] to [skewX(20rad) perspective(500px)] at (0.75) should be [matrix3d(1, 0, 0, 0, -4.445981448365507, 1, 0, 0, 0, 0, 1, -0.002105263157894737, 0, 0, 0, 1)]","status":"FAIL"},{"name":"CSS Transitions: property <transform> from [skewX(10rad) perspective(400px)] to [skewX(20rad) perspective(500px)] at (1) should be [matrix3d(1, 0, 0, 0, 2.2371609442247427, 1, 0, 0, 0, 0, 1, -0.002, 0, 0, 0, 1)]","status":"FAIL"},{"name":"CSS Transitions: property <transform> from [skewX(10rad) perspective(400px)] to [skewX(20rad) perspective(500px)] at (2) should be [matrix3d(1, 0, 0, 0, -6.4053311966462765, 1, 0, 0, 0, 0, 1, -0.0016666666666666668, 0, 0, 0, 1)]","status":"FAIL"},{"name":"CSS Transitions with transition: all: property <transform> from [skewX(10rad) perspective(400px)] to [skewX(20rad) perspective(500px)] at (-1) should be [matrix3d(1, 0, 0, 0, 0, 1, 0, 0, 0, 0, 1, -0.0033333333333333335, 0, 0, 0, 1)]","status":"FAIL"},{"name":"CSS Transitions with transition: all: property <transform> from [skewX(10rad) perspective(400px)] to [skewX(20rad) perspective(500px)] at (0) should be [matrix3d(1, 0, 0, 0, 0.6483608274590867, 1, 0, 0, 0, 0, 1, -0.0025, 0, 0, 0, 1)]","status":"PASS"},{"name":"CSS Transitions with transition: all: property <transform> from [skewX(10rad) perspective(400px)] to [skewX(20rad) perspective(500px)] at (0.25) should be [matrix3d(1, 0, 0, 0, -0.06646824186327419, 1, 0, 0, 0, 0, 1, -0.002352941176470588, 0, 0, 0, 1)]","status":"FAIL"},{"name":"CSS Transitions with transition: all: property <transform> from [skewX(10rad) perspective(400px)] to [skewX(20rad) perspective(500px)] at (0.75) should be [matrix3d(1, 0, 0, 0, -4.445981448365507, 1, 0, 0, 0, 0, 1, -0.002105263157894737, 0, 0, 0, 1)]","status":"FAIL"},{"name":"CSS Transitions with transition: all: property <transform> from [skewX(10rad) perspective(400px)] to [skewX(20rad) perspective(500px)] at (1) should be [matrix3d(1, 0, 0, 0, 2.2371609442247427, 1, 0, 0, 0, 0, 1, -0.002, 0, 0, 0, 1)]","status":"FAIL"},{"name":"CSS Transitions with transition: all: property <transform> from [skewX(10rad) perspective(400px)] to [skewX(20rad) perspective(500px)] at (2) should be [matrix3d(1, 0, 0, 0, -6.4053311966462765, 1, 0, 0, 0, 0, 1, -0.0016666666666666668, 0, 0, 0, 1)]","status":"FAIL"},{"name":"CSS Animations: property <transform> from [skewX(10rad) perspective(400px)] to [skewX(20rad) perspective(500px)] at (-1) should be [matrix3d(1, 0, 0, 0, 0, 1, 0, 0, 0, 0, 1, -0.0033333333333333335, 0, 0, 0, 1)]","status":"PASS"},{"name":"CSS Animations: property <transform> from [skewX(10rad) perspective(400px)] to [skewX(20rad) perspective(500px)] at (0) should be [matrix3d(1, 0, 0, 0, 0.6483608274590867, 1, 0, 0, 0, 0, 1, -0.0025, 0, 0, 0, 1)]","status":"PASS"},{"name":"CSS Animations: property <transform> from [skewX(10rad) perspective(400px)] to [skewX(20rad) perspective(500px)] at (0.25) should be [matrix3d(1, 0, 0, 0, -0.06646824186327419, 1, 0, 0, 0, 0, 1, -0.002352941176470588, 0, 0, 0, 1)]","status":"PASS"},{"name":"CSS Animations: property <transform> from [skewX(10rad) perspective(400px)] to [skewX(20rad) perspective(500px)] at (0.75) should be [matrix3d(1, 0, 0, 0, -4.445981448365507, 1, 0, 0, 0, 0, 1, -0.002105263157894737, 0, 0, 0, 1)]","status":"PASS"},{"name":"CSS Animations: property <transform> from [skewX(10rad) perspective(400px)] to [skewX(20rad) perspective(500px)] at (1) should be [matrix3d(1, 0, 0, 0, 2.2371609442247427, 1, 0, 0, 0, 0, 1, -0.002, 0, 0, 0, 1)]","status":"PASS"},{"name":"CSS Animations: property <transform> from [skewX(10rad) perspective(400px)] to [skewX(20rad) perspective(500px)] at (2) should be [matrix3d(1, 0, 0, 0, -6.4053311966462765, 1, 0, 0, 0, 0, 1, -0.0016666666666666668, 0, 0, 0, 1)]","status":"PASS"},{"name":"Web Animations: property <transform> from [skewX(10rad) perspective(400px)] to [skewX(20rad) perspective(500px)] at (-1) should be [matrix3d(1, 0, 0, 0, 0, 1, 0, 0, 0, 0, 1, -0.0033333333333333335, 0, 0, 0, 1)]","status":"PASS"},{"name":"Web Animations: property <transform> from [skewX(10rad) perspective(400px)] to [skewX(20rad) perspective(500px)] at (0) should be [matrix3d(1, 0, 0, 0, 0.6483608274590867, 1, 0, 0, 0, 0, 1, -0.0025, 0, 0, 0, 1)]","status":"PASS"},{"name":"Web Animations: property <transform> from [skewX(10rad) perspective(400px)] to [skewX(20rad) perspective(500px)] at (0.25) should be [matrix3d(1, 0, 0, 0, -0.06646824186327419, 1, 0, 0, 0, 0, 1, -0.002352941176470588, 0, 0, 0, 1)]","status":"PASS"},{"name":"Web Animations: property <transform> from [skewX(10rad) perspective(400px)] to [skewX(20rad) perspective(500px)] at (0.75) should be [matrix3d(1, 0, 0, 0, -4.445981448365507, 1, 0, 0, 0, 0, 1, -0.002105263157894737, 0, 0, 0, 1)]","status":"PASS"},{"name":"Web Animations: property <transform> from [skewX(10rad) perspective(400px)] to [skewX(20rad) perspective(500px)] at (1) should be [matrix3d(1, 0, 0, 0, 2.2371609442247427, 1, 0, 0, 0, 0, 1, -0.002, 0, 0, 0, 1)]","status":"PASS"},{"name":"Web Animations: property <transform> from [skewX(10rad) perspective(400px)] to [skewX(20rad) perspective(500px)] at (2) should be [matrix3d(1, 0, 0, 0, -6.4053311966462765, 1, 0, 0, 0, 0, 1, -0.0016666666666666668, 0, 0, 0, 1)]","status":"PASS"},{"name":"CSS Transitions: property <transform> from [scaleZ(1) perspective(400px)] to [scaleZ(2) perspective(500px)] at (-1) should be [matrix3d(1, 0, 0, 0, 0, 1, 0, 0, 0, 0, 0, -0.0033333333333333335, 0, 0, 0, 1)]","status":"FAIL"},{"name":"CSS Transitions: property <transform> from [scaleZ(1) perspective(400px)] to [scaleZ(2) perspective(500px)] at (0) should be [matrix3d(1, 0, 0, 0, 0, 1, 0, 0, 0, 0, 1, -0.0025, 0, 0, 0, 1)]","status":"PASS"},{"name":"CSS Transitions: property <transform> from [scaleZ(1) perspective(400px)] to [scaleZ(2) perspective(500px)] at (0.25) should be [matrix3d(1, 0, 0, 0, 0, 1, 0, 0, 0, 0, 1.25, -0.002352941176470588, 0, 0, 0, 1)]","status":"FAIL"},{"name":"CSS Transitions: property <transform> from [scaleZ(1) perspective(400px)] to [scaleZ(2) perspective(500px)] at (0.75) should be [matrix3d(1, 0, 0, 0, 0, 1, 0, 0, 0, 0, 1.75, -0.002105263157894737, 0, 0, 0, 1)]","status":"FAIL"},{"name":"CSS Transitions: property <transform> from [scaleZ(1) perspective(400px)] to [scaleZ(2) perspective(500px)] at (1) should be [matrix3d(1, 0, 0, 0, 0, 1, 0, 0, 0, 0, 2, -0.002, 0, 0, 0, 1)]","status":"FAIL"},{"name":"CSS Transitions: property <transform> from [scaleZ(1) perspective(400px)] to [scaleZ(2) perspective(500px)] at (2) should be [matrix3d(1, 0, 0, 0, 0, 1, 0, 0, 0, 0, 3, -0.0016666666666666668, 0, 0, 0, 1)]","status":"FAIL"},{"name":"CSS Transitions with transition: all: property <transform> from [scaleZ(1) perspective(400px)] to [scaleZ(2) perspective(500px)] at (-1) should be [matrix3d(1, 0, 0, 0, 0, 1, 0, 0, 0, 0, 0, -0.0033333333333333335, 0, 0, 0, 1)]","status":"FAIL"},{"name":"CSS Transitions with transition: all: property <transform> from [scaleZ(1) perspective(400px)] to [scaleZ(2) perspective(500px)] at (0) should be [matrix3d(1, 0, 0, 0, 0, 1, 0, 0, 0, 0, 1, -0.0025, 0, 0, 0, 1)]","status":"PASS"},{"name":"CSS Transitions with transition: all: property <transform> from [scaleZ(1) perspective(400px)] to [scaleZ(2) perspective(500px)] at (0.25) should be [matrix3d(1, 0, 0, 0, 0, 1, 0, 0, 0, 0, 1.25, -0.002352941176470588, 0, 0, 0, 1)]","status":"FAIL"},{"name":"CSS Transitions with transition: all: property <transform> from [scaleZ(1) perspective(400px)] to [scaleZ(2) perspective(500px)] at (0.75) should be [matrix3d(1, 0, 0, 0, 0, 1, 0, 0, 0, 0, 1.75, -0.002105263157894737, 0, 0, 0, 1)]","status":"FAIL"},{"name":"CSS Transitions with transition: all: property <transform> from [scaleZ(1) perspective(400px)] to [scaleZ(2) perspective(500px)] at (1) should be [matrix3d(1, 0, 0, 0, 0, 1, 0, 0, 0, 0, 2, -0.002, 0, 0, 0, 1)]","status":"FAIL"},{"name":"CSS Transitions with transition: all: property <transform> from [scaleZ(1) perspective(400px)] to [scaleZ(2) perspective(500px)] at (2) should be [matrix3d(1, 0, 0, 0, 0, 1, 0, 0, 0, 0, 3, -0.0016666666666666668, 0, 0, 0, 1)]","status":"FAIL"},{"name":"CSS Animations: property <transform> from [scaleZ(1) perspective(400px)] to [scaleZ(2) perspective(500px)] at (-1) should be [matrix3d(1, 0, 0, 0, 0, 1, 0, 0, 0, 0, 0, -0.0033333333333333335, 0, 0, 0, 1)]","status":"PASS"},{"name":"CSS Animations: property <transform> from [scaleZ(1) perspective(400px)] to [scaleZ(2) perspective(500px)] at (0) should be [matrix3d(1, 0, 0, 0, 0, 1, 0, 0, 0, 0, 1, -0.0025, 0, 0, 0, 1)]","status":"PASS"},{"name":"CSS Animations: property <transform> from [scaleZ(1) perspective(400px)] to [scaleZ(2) perspective(500px)] at (0.25) should be [matrix3d(1, 0, 0, 0, 0, 1, 0, 0, 0, 0, 1.25, -0.002352941176470588, 0, 0, 0, 1)]","status":"PASS"},{"name":"CSS Animations: property <transform> from [scaleZ(1) perspective(400px)] to [scaleZ(2) perspective(500px)] at (0.75) should be [matrix3d(1, 0, 0, 0, 0, 1, 0, 0, 0, 0, 1.75, -0.002105263157894737, 0, 0, 0, 1)]","status":"PASS"},{"name":"CSS Animations: property <transform> from [scaleZ(1) perspective(400px)] to [scaleZ(2) perspective(500px)] at (1) should be [matrix3d(1, 0, 0, 0, 0, 1, 0, 0, 0, 0, 2, -0.002, 0, 0, 0, 1)]","status":"PASS"},{"name":"CSS Animations: property <transform> from [scaleZ(1) perspective(400px)] to [scaleZ(2) perspective(500px)] at (2) should be [matrix3d(1, 0, 0, 0, 0, 1, 0, 0, 0, 0, 3, -0.0016666666666666668, 0, 0, 0, 1)]","status":"PASS"},{"name":"Web Animations: property <transform> from [scaleZ(1) perspective(400px)] to [scaleZ(2) perspective(500px)] at (-1) should be [matrix3d(1, 0, 0, 0, 0, 1, 0, 0, 0, 0, 0, -0.0033333333333333335, 0, 0, 0, 1)]","status":"PASS"},{"name":"Web Animations: property <transform> from [scaleZ(1) perspective(400px)] to [scaleZ(2) perspective(500px)] at (0) should be [matrix3d(1, 0, 0, 0, 0, 1, 0, 0, 0, 0, 1, -0.0025, 0, 0, 0, 1)]","status":"PASS"},{"name":"Web Animations: property <transform> from [scaleZ(1) perspective(400px)] to [scaleZ(2) perspective(500px)] at (0.25) should be [matrix3d(1, 0, 0, 0, 0, 1, 0, 0, 0, 0, 1.25, -0.002352941176470588, 0, 0, 0, 1)]","status":"PASS"},{"name":"Web Animations: property <transform> from [scaleZ(1) perspective(400px)] to [scaleZ(2) perspective(500px)] at (0.75) should be [matrix3d(1, 0, 0, 0, 0, 1, 0, 0, 0, 0, 1.75, -0.002105263157894737, 0, 0, 0, 1)]","status":"PASS"},{"name":"Web Animations: property <transform> from [scaleZ(1) perspective(400px)] to [scaleZ(2) perspective(500px)] at (1) should be [matrix3d(1, 0, 0, 0, 0, 1, 0, 0, 0, 0, 2, -0.002, 0, 0, 0, 1)]","status":"PASS"},{"name":"Web Animations: property <transform> from [scaleZ(1) perspective(400px)] to [scaleZ(2) perspective(500px)] at (2) should be [matrix3d(1, 0, 0, 0, 0, 1, 0, 0, 0, 0, 3, -0.0016666666666666668, 0, 0, 0, 1)]","status":"PASS"},{"name":"CSS Transitions: property <transform> from [rotate(30deg)] to [rotate(330deg)] at (-1) should be [matrix(-1.8369701987210297e-16, 1, -1, -1.8369701987210297e-16, 0, 0)]","status":"FAIL"},{"name":"CSS Transitions: property <transform> from [rotate(30deg)] to [rotate(330deg)] at (0) should be [matrix(0.8660254037844387, 0.49999999999999994, -0.49999999999999994, 0.8660254037844387, 0, 0)]","status":"PASS"},{"name":"CSS Transitions: property <transform> from [rotate(30deg)] to [rotate(330deg)] at (0.25) should be [matrix(-0.25881904510252085, 0.9659258262890683, -0.9659258262890683, -0.25881904510252085, 0, 0)]","status":"FAIL"},{"name":"CSS Transitions: property <transform> from [rotate(30deg)] to [rotate(330deg)] at (0.75) should be [matrix(-0.25881904510252063, -0.9659258262890683, 0.9659258262890683, -0.25881904510252063, 0, 0)]","status":"FAIL"},{"name":"CSS Transitions: property <transform> from [rotate(30deg)] to [rotate(330deg)] at (1) should be [matrix(0.8660254037844384, -0.5000000000000004, 0.5000000000000004, 0.8660254037844384, 0, 0)]","status":"FAIL"},{"name":"CSS Transitions: property <transform> from [rotate(30deg)] to [rotate(330deg)] at (2) should be [matrix(-4.286263797015736e-16, -1, 1, -4.286263797015736e-16, 0, 0)]","status":"FAIL"},{"name":"CSS Transitions with transition: all: property <transform> from [rotate(30deg)] to [rotate(330deg)] at (-1) should be [matrix(-1.8369701987210297e-16, 1, -1, -1.8369701987210297e-16, 0, 0)]","status":"FAIL"},{"name":"CSS Transitions with transition: all: property <transform> from [rotate(30deg)] to [rotate(330deg)] at (0) should be [matrix(0.8660254037844387, 0.49999999999999994, -0.49999999999999994, 0.8660254037844387, 0, 0)]","status":"PASS"},{"name":"CSS Transitions with transition: all: property <transform> from [rotate(30deg)] to [rotate(330deg)] at (0.25) should be [matrix(-0.25881904510252085, 0.9659258262890683, -0.9659258262890683, -0.25881904510252085, 0, 0)]","status":"FAIL"},{"name":"CSS Transitions with transition: all: property <transform> from [rotate(30deg)] to [rotate(330deg)] at (0.75) should be [matrix(-0.25881904510252063, -0.9659258262890683, 0.9659258262890683, -0.25881904510252063, 0, 0)]","status":"FAIL"},{"name":"CSS Transitions with transition: all: property <transform> from [rotate(30deg)] to [rotate(330deg)] at (1) should be [matrix(0.8660254037844384, -0.5000000000000004, 0.5000000000000004, 0.8660254037844384, 0, 0)]","status":"FAIL"},{"name":"CSS Transitions with transition: all: property <transform> from [rotate(30deg)] to [rotate(330deg)] at (2) should be [matrix(-4.286263797015736e-16, -1, 1, -4.286263797015736e-16, 0, 0)]","status":"FAIL"},{"name":"CSS Animations: property <transform> from [rotate(30deg)] to [rotate(330deg)] at (-1) should be [matrix(-1.8369701987210297e-16, 1, -1, -1.8369701987210297e-16, 0, 0)]","status":"PASS"},{"name":"CSS Animations: property <transform> from [rotate(30deg)] to [rotate(330deg)] at (0) should be [matrix(0.8660254037844387, 0.49999999999999994, -0.49999999999999994, 0.8660254037844387, 0, 0)]","status":"PASS"},{"name":"CSS Animations: property <transform> from [rotate(30deg)] to [rotate(330deg)] at (0.25) should be [matrix(-0.25881904510252085, 0.9659258262890683, -0.9659258262890683, -0.25881904510252085, 0, 0)]","status":"PASS"},{"name":"CSS Animations: property <transform> from [rotate(30deg)] to [rotate(330deg)] at (0.75) should be [matrix(-0.25881904510252063, -0.9659258262890683, 0.9659258262890683, -0.25881904510252063, 0, 0)]","status":"PASS"},{"name":"CSS Animations: property <transform> from [rotate(30deg)] to [rotate(330deg)] at (1) should be [matrix(0.8660254037844384, -0.5000000000000004, 0.5000000000000004, 0.8660254037844384, 0, 0)]","status":"PASS"},{"name":"CSS Animations: property <transform> from [rotate(30deg)] to [rotate(330deg)] at (2) should be [matrix(-4.286263797015736e-16, -1, 1, -4.286263797015736e-16, 0, 0)]","status":"PASS"},{"name":"Web Animations: property <transform> from [rotate(30deg)] to [rotate(330deg)] at (-1) should be [matrix(-1.8369701987210297e-16, 1, -1, -1.8369701987210297e-16, 0, 0)]","status":"PASS"},{"name":"Web Animations: property <transform> from [rotate(30deg)] to [rotate(330deg)] at (0) should be [matrix(0.8660254037844387, 0.49999999999999994, -0.49999999999999994, 0.8660254037844387, 0, 0)]","status":"PASS"},{"name":"Web Animations: property <transform> from [rotate(30deg)] to [rotate(330deg)] at (0.25) should be [matrix(-0.25881904510252085, 0.9659258262890683, -0.9659258262890683, -0.25881904510252085, 0, 0)]","status":"PASS"},{"name":"Web Animations: property <transform> from [rotate(30deg)] to [rotate(330deg)] at (0.75) should be [matrix(-0.25881904510252063, -0.9659258262890683, 0.9659258262890683, -0.25881904510252063, 0, 0)]","status":"PASS"},{"name":"Web Animations: property <transform> from [rotate(30deg)] to [rotate(330deg)] at (1) should be [matrix(0.8660254037844384, -0.5000000000000004, 0.5000000000000004, 0.8660254037844384, 0, 0)]","status":"PASS"},{"name":"Web Animations: property <transform> from [rotate(30deg)] to [rotate(330deg)] at (2) should be [matrix(-4.286263797015736e-16, -1, 1, -4.286263797015736e-16, 0, 0)]","status":"PASS"},{"name":"CSS Transitions: property <transform> from [rotateX(0deg)] to [rotateX(700deg)] at (-1) should be [matrix3d(1, 0, 0, 0, 0, 0.9396926207859078, 0.3420201433256705, 0, 0, -0.3420201433256705, 0.9396926207859078, 0, 0, 0, 0, 1)]","status":"FAIL"},{"name":"CSS Transitions: property <transform> from [rotateX(0deg)] to [rotateX(700deg)] at (0) should be [matrix(1, 0, 0, 1, 0, 0)]","status":"PASS"},{"name":"CSS Transitions: property <transform> from [rotateX(0deg)] to [rotateX(700deg)] at (0.25) should be [matrix3d(1, 0, 0, 0, 0, -0.9961946980917455, 0.08715574274765864, 0, 0, -0.08715574274765864, -0.9961946980917455, 0, 0, 0, 0, 1)]","status":"FAIL"},{"name":"CSS Transitions: property <transform> from [rotateX(0deg)] to [rotateX(700deg)] at (0.75) should be [matrix3d(1, 0, 0, 0, 0, -0.9659258262890683, 0.25881904510252085, 0, 0, -0.25881904510252085, -0.9659258262890683, 0, 0, 0, 0, 1)]","status":"FAIL"},{"name":"CSS Transitions: property <transform> from [rotateX(0deg)] to [rotateX(700deg)] at (1) should be [matrix3d(1, 0, 0, 0, 0, 0.9396926207859078, -0.3420201433256705, 0, 0, 0.3420201433256705, 0.9396926207859078, 0, 0, 0, 0, 1)]","status":"FAIL"},{"name":"CSS Transitions: property <transform> from [rotateX(0deg)] to [rotateX(700deg)] at (2) should be [matrix3d(1, 0, 0, 0, 0, 0.7660444431189757, -0.6427876096865421, 0, 0, 0.6427876096865421, 0.7660444431189757, 0, 0, 0, 0, 1)]","status":"FAIL"},{"name":"CSS Transitions with transition: all: property <transform> from [rotateX(0deg)] to [rotateX(700deg)] at (-1) should be [matrix3d(1, 0, 0, 0, 0, 0.9396926207859078, 0.3420201433256705, 0, 0, -0.3420201433256705, 0.9396926207859078, 0, 0, 0, 0, 1)]","status":"FAIL"},{"name":"CSS Transitions with transition: all: property <transform> from [rotateX(0deg)] to [rotateX(700deg)] at (0) should be [matrix(1, 0, 0, 1, 0, 0)]","status":"PASS"},{"name":"CSS Transitions with transition: all: property <transform> from [rotateX(0deg)] to [rotateX(700deg)] at (0.25) should be [matrix3d(1, 0, 0, 0, 0, -0.9961946980917455, 0.08715574274765864, 0, 0, -0.08715574274765864, -0.9961946980917455, 0, 0, 0, 0, 1)]","status":"FAIL"},{"name":"CSS Transitions with transition: all: property <transform> from [rotateX(0deg)] to [rotateX(700deg)] at (0.75) should be [matrix3d(1, 0, 0, 0, 0, -0.9659258262890683, 0.25881904510252085, 0, 0, -0.25881904510252085, -0.9659258262890683, 0, 0, 0, 0, 1)]","status":"FAIL"},{"name":"CSS Transitions with transition: all: property <transform> from [rotateX(0deg)] to [rotateX(700deg)] at (1) should be [matrix3d(1, 0, 0, 0, 0, 0.9396926207859078, -0.3420201433256705, 0, 0, 0.3420201433256705, 0.9396926207859078, 0, 0, 0, 0, 1)]","status":"FAIL"},{"name":"CSS Transitions with transition: all: property <transform> from [rotateX(0deg)] to [rotateX(700deg)] at (2) should be [matrix3d(1, 0, 0, 0, 0, 0.7660444431189757, -0.6427876096865421, 0, 0, 0.6427876096865421, 0.7660444431189757, 0, 0, 0, 0, 1)]","status":"FAIL"},{"name":"CSS Animations: property <transform> from [rotateX(0deg)] to [rotateX(700deg)] at (-1) should be [matrix3d(1, 0, 0, 0, 0, 0.9396926207859078, 0.3420201433256705, 0, 0, -0.3420201433256705, 0.9396926207859078, 0, 0, 0, 0, 1)]","status":"PASS"},{"name":"CSS Animations: property <transform> from [rotateX(0deg)] to [rotateX(700deg)] at (0) should be [matrix(1, 0, 0, 1, 0, 0)]","status":"PASS"},{"name":"CSS Animations: property <transform> from [rotateX(0deg)] to [rotateX(700deg)] at (0.25) should be [matrix3d(1, 0, 0, 0, 0, -0.9961946980917455, 0.08715574274765864, 0, 0, -0.08715574274765864, -0.9961946980917455, 0, 0, 0, 0, 1)]","status":"PASS"},{"name":"CSS Animations: property <transform> from [rotateX(0deg)] to [rotateX(700deg)] at (0.75) should be [matrix3d(1, 0, 0, 0, 0, -0.9659258262890683, 0.25881904510252085, 0, 0, -0.25881904510252085, -0.9659258262890683, 0, 0, 0, 0, 1)]","status":"PASS"},{"name":"CSS Animations: property <transform> from [rotateX(0deg)] to [rotateX(700deg)] at (1) should be [matrix3d(1, 0, 0, 0, 0, 0.9396926207859078, -0.3420201433256705, 0, 0, 0.3420201433256705, 0.9396926207859078, 0, 0, 0, 0, 1)]","status":"PASS"},{"name":"CSS Animations: property <transform> from [rotateX(0deg)] to [rotateX(700deg)] at (2) should be [matrix3d(1, 0, 0, 0, 0, 0.7660444431189757, -0.6427876096865421, 0, 0, 0.6427876096865421, 0.7660444431189757, 0, 0, 0, 0, 1)]","status":"PASS"},{"name":"Web Animations: property <transform> from [rotateX(0deg)] to [rotateX(700deg)] at (-1) should be [matrix3d(1, 0, 0, 0, 0, 0.9396926207859078, 0.3420201433256705, 0, 0, -0.3420201433256705, 0.9396926207859078, 0, 0, 0, 0, 1)]","status":"PASS"},{"name":"Web Animations: property <transform> from [rotateX(0deg)] to [rotateX(700deg)] at (0) should be [matrix(1, 0, 0, 1, 0, 0)]","status":"PASS"},{"name":"Web Animations: property <transform> from [rotateX(0deg)] to [rotateX(700deg)] at (0.25) should be [matrix3d(1, 0, 0, 0, 0, -0.9961946980917455, 0.08715574274765864, 0, 0, -0.08715574274765864, -0.9961946980917455, 0, 0, 0, 0, 1)]","status":"PASS"},{"name":"Web Animations: property <transform> from [rotateX(0deg)] to [rotateX(700deg)] at (0.75) should be [matrix3d(1, 0, 0, 0, 0, -0.9659258262890683, 0.25881904510252085, 0, 0, -0.25881904510252085, -0.9659258262890683, 0, 0, 0, 0, 1)]","status":"PASS"},{"name":"Web Animations: property <transform> from [rotateX(0deg)] to [rotateX(700deg)] at (1) should be [matrix3d(1, 0, 0, 0, 0, 0.9396926207859078, -0.3420201433256705, 0, 0, 0.3420201433256705, 0.9396926207859078, 0, 0, 0, 0, 1)]","status":"PASS"},{"name":"Web Animations: property <transform> from [rotateX(0deg)] to [rotateX(700deg)] at (2) should be [matrix3d(1, 0, 0, 0, 0, 0.7660444431189757, -0.6427876096865421, 0, 0, 0.6427876096865421, 0.7660444431189757, 0, 0, 0, 0, 1)]","status":"PASS"},{"name":"CSS Transitions: property <transform> from [rotateY(0deg)] to [rotateY(800deg)] at (-1) should be [matrix3d(0.1736481776669307, 0, 0.984807753012208, 0, 0, 1, 0, 0, -0.984807753012208, 0, 0.1736481776669307, 0, 0, 0, 0, 1)]","status":"FAIL"},{"name":"CSS Transitions: property <transform> from [rotateY(0deg)] to [rotateY(800deg)] at (0) should be [matrix(1, 0, 0, 1, 0, 0)]","status":"PASS"},{"name":"CSS Transitions: property <transform> from [rotateY(0deg)] to [rotateY(800deg)] at (0.25) should be [matrix3d(-0.9396926207859084, 0, 0.34202014332566866, 0, 0, 1, 0, 0, -0.34202014332566866, 0, -0.9396926207859084, 0, 0, 0, 0, 1)]","status":"FAIL"},{"name":"CSS Transitions: property <transform> from [rotateY(0deg)] to [rotateY(800deg)] at (0.75) should be [matrix3d(-0.49999999999999983, 0, 0.8660254037844387, 0, 0, 1, 0, 0, -0.8660254037844387, 0, -0.49999999999999983, 0, 0, 0, 0, 1)]","status":"FAIL"},{"name":"CSS Transitions: property <transform> from [rotateY(0deg)] to [rotateY(800deg)] at (1) should be [matrix3d(0.1736481776669307, 0, -0.984807753012208, 0, 0, 1, 0, 0, 0.984807753012208, 0, 0.1736481776669307, 0, 0, 0, 0, 1)]","status":"FAIL"},{"name":"CSS Transitions: property <transform> from [rotateY(0deg)] to [rotateY(800deg)] at (2) should be [matrix3d(-0.9396926207859082, 0, -0.3420201433256694, 0, 0, 1, 0, 0, 0.3420201433256694, 0, -0.9396926207859082, 0, 0, 0, 0, 1)]","status":"FAIL"},{"name":"CSS Transitions with transition: all: property <transform> from [rotateY(0deg)] to [rotateY(800deg)] at (-1) should be [matrix3d(0.1736481776669307, 0, 0.984807753012208, 0, 0, 1, 0, 0, -0.984807753012208, 0, 0.1736481776669307, 0, 0, 0, 0, 1)]","status":"FAIL"},{"name":"CSS Transitions with transition: all: property <transform> from [rotateY(0deg)] to [rotateY(800deg)] at (0) should be [matrix(1, 0, 0, 1, 0, 0)]","status":"PASS"},{"name":"CSS Transitions with transition: all: property <transform> from [rotateY(0deg)] to [rotateY(800deg)] at (0.25) should be [matrix3d(-0.9396926207859084, 0, 0.34202014332566866, 0, 0, 1, 0, 0, -0.34202014332566866, 0, -0.9396926207859084, 0, 0, 0, 0, 1)]","status":"FAIL"},{"name":"CSS Transitions with transition: all: property <transform> from [rotateY(0deg)] to [rotateY(800deg)] at (0.75) should be [matrix3d(-0.49999999999999983, 0, 0.8660254037844387, 0, 0, 1, 0, 0, -0.8660254037844387, 0, -0.49999999999999983, 0, 0, 0, 0, 1)]","status":"FAIL"},{"name":"CSS Transitions with transition: all: property <transform> from [rotateY(0deg)] to [rotateY(800deg)] at (1) should be [matrix3d(0.1736481776669307, 0, -0.984807753012208, 0, 0, 1, 0, 0, 0.984807753012208, 0, 0.1736481776669307, 0, 0, 0, 0, 1)]","status":"FAIL"},{"name":"CSS Transitions with transition: all: property <transform> from [rotateY(0deg)] to [rotateY(800deg)] at (2) should be [matrix3d(-0.9396926207859082, 0, -0.3420201433256694, 0, 0, 1, 0, 0, 0.3420201433256694, 0, -0.9396926207859082, 0, 0, 0, 0, 1)]","status":"FAIL"},{"name":"CSS Animations: property <transform> from [rotateY(0deg)] to [rotateY(800deg)] at (-1) should be [matrix3d(0.1736481776669307, 0, 0.984807753012208, 0, 0, 1, 0, 0, -0.984807753012208, 0, 0.1736481776669307, 0, 0, 0, 0, 1)]","status":"PASS"},{"name":"CSS Animations: property <transform> from [rotateY(0deg)] to [rotateY(800deg)] at (0) should be [matrix(1, 0, 0, 1, 0, 0)]","status":"PASS"},{"name":"CSS Animations: property <transform> from [rotateY(0deg)] to [rotateY(800deg)] at (0.25) should be [matrix3d(-0.9396926207859084, 0, 0.34202014332566866, 0, 0, 1, 0, 0, -0.34202014332566866, 0, -0.9396926207859084, 0, 0, 0, 0, 1)]","status":"PASS"},{"name":"CSS Animations: property <transform> from [rotateY(0deg)] to [rotateY(800deg)] at (0.75) should be [matrix3d(-0.49999999999999983, 0, 0.8660254037844387, 0, 0, 1, 0, 0, -0.8660254037844387, 0, -0.49999999999999983, 0, 0, 0, 0, 1)]","status":"PASS"},{"name":"CSS Animations: property <transform> from [rotateY(0deg)] to [rotateY(800deg)] at (1) should be [matrix3d(0.1736481776669307, 0, -0.984807753012208, 0, 0, 1, 0, 0, 0.984807753012208, 0, 0.1736481776669307, 0, 0, 0, 0, 1)]","status":"PASS"},{"name":"CSS Animations: property <transform> from [rotateY(0deg)] to [rotateY(800deg)] at (2) should be [matrix3d(-0.9396926207859082, 0, -0.3420201433256694, 0, 0, 1, 0, 0, 0.3420201433256694, 0, -0.9396926207859082, 0, 0, 0, 0, 1)]","status":"PASS"},{"name":"Web Animations: property <transform> from [rotateY(0deg)] to [rotateY(800deg)] at (-1) should be [matrix3d(0.1736481776669307, 0, 0.984807753012208, 0, 0, 1, 0, 0, -0.984807753012208, 0, 0.1736481776669307, 0, 0, 0, 0, 1)]","status":"PASS"},{"name":"Web Animations: property <transform> from [rotateY(0deg)] to [rotateY(800deg)] at (0) should be [matrix(1, 0, 0, 1, 0, 0)]","status":"PASS"},{"name":"Web Animations: property <transform> from [rotateY(0deg)] to [rotateY(800deg)] at (0.25) should be [matrix3d(-0.9396926207859084, 0, 0.34202014332566866, 0, 0, 1, 0, 0, -0.34202014332566866, 0, -0.9396926207859084, 0, 0, 0, 0, 1)]","status":"PASS"},{"name":"Web Animations: property <transform> from [rotateY(0deg)] to [rotateY(800deg)] at (0.75) should be [matrix3d(-0.49999999999999983, 0, 0.8660254037844387, 0, 0, 1, 0, 0, -0.8660254037844387, 0, -0.49999999999999983, 0, 0, 0, 0, 1)]","status":"PASS"},{"name":"Web Animations: property <transform> from [rotateY(0deg)] to [rotateY(800deg)] at (1) should be [matrix3d(0.1736481776669307, 0, -0.984807753012208, 0, 0, 1, 0, 0, 0.984807753012208, 0, 0.1736481776669307, 0, 0, 0, 0, 1)]","status":"PASS"},{"name":"Web Animations: property <transform> from [rotateY(0deg)] to [rotateY(800deg)] at (2) should be [matrix3d(-0.9396926207859082, 0, -0.3420201433256694, 0, 0, 1, 0, 0, 0.3420201433256694, 0, -0.9396926207859082, 0, 0, 0, 0, 1)]","status":"PASS"},{"name":"CSS Transitions: property <transform> from [rotateZ(0deg)] to [rotateZ(900deg)] at (-1) should be [matrix(-1, -6.123233995736766e-16, 6.123233995736766e-16, -1, 0, 0)]","status":"FAIL"},{"name":"CSS Transitions: property <transform> from [rotateZ(0deg)] to [rotateZ(900deg)] at (0) should be [matrix(1, 0, 0, 1, 0, 0)]","status":"PASS"},{"name":"CSS Transitions: property <transform> from [rotateZ(0deg)] to [rotateZ(900deg)] at (0.25) should be [matrix(-0.7071067811865477, -0.7071067811865475, 0.7071067811865475, -0.7071067811865477, 0, 0)]","status":"FAIL"},{"name":"CSS Transitions: property <transform> from [rotateZ(0deg)] to [rotateZ(900deg)] at (0.75) should be [matrix(0.7071067811865479, -0.7071067811865472, 0.7071067811865472, 0.7071067811865479, 0, 0)]","status":"FAIL"},{"name":"CSS Transitions: property <transform> from [rotateZ(0deg)] to [rotateZ(900deg)] at (1) should be [matrix(-1, 6.123233995736766e-16, -6.123233995736766e-16, -1, 0, 0)]","status":"FAIL"},{"name":"CSS Transitions: property <transform> from [rotateZ(0deg)] to [rotateZ(900deg)] at (2) should be [matrix(1, -1.2246467991473533e-15, 1.2246467991473533e-15, 1, 0, 0)]","status":"PASS"},{"name":"CSS Transitions with transition: all: property <transform> from [rotateZ(0deg)] to [rotateZ(900deg)] at (-1) should be [matrix(-1, -6.123233995736766e-16, 6.123233995736766e-16, -1, 0, 0)]","status":"FAIL"},{"name":"CSS Transitions with transition: all: property <transform> from [rotateZ(0deg)] to [rotateZ(900deg)] at (0) should be [matrix(1, 0, 0, 1, 0, 0)]","status":"PASS"},{"name":"CSS Transitions with transition: all: property <transform> from [rotateZ(0deg)] to [rotateZ(900deg)] at (0.25) should be [matrix(-0.7071067811865477, -0.7071067811865475, 0.7071067811865475, -0.7071067811865477, 0, 0)]","status":"FAIL"},{"name":"CSS Transitions with transition: all: property <transform> from [rotateZ(0deg)] to [rotateZ(900deg)] at (0.75) should be [matrix(0.7071067811865479, -0.7071067811865472, 0.7071067811865472, 0.7071067811865479, 0, 0)]","status":"FAIL"},{"name":"CSS Transitions with transition: all: property <transform> from [rotateZ(0deg)] to [rotateZ(900deg)] at (1) should be [matrix(-1, 6.123233995736766e-16, -6.123233995736766e-16, -1, 0, 0)]","status":"FAIL"},{"name":"CSS Transitions with transition: all: property <transform> from [rotateZ(0deg)] to [rotateZ(900deg)] at (2) should be [matrix(1, -1.2246467991473533e-15, 1.2246467991473533e-15, 1, 0, 0)]","status":"PASS"},{"name":"CSS Animations: property <transform> from [rotateZ(0deg)] to [rotateZ(900deg)] at (-1) should be [matrix(-1, -6.123233995736766e-16, 6.123233995736766e-16, -1, 0, 0)]","status":"PASS"},{"name":"CSS Animations: property <transform> from [rotateZ(0deg)] to [rotateZ(900deg)] at (0) should be [matrix(1, 0, 0, 1, 0, 0)]","status":"PASS"},{"name":"CSS Animations: property <transform> from [rotateZ(0deg)] to [rotateZ(900deg)] at (0.25) should be [matrix(-0.7071067811865477, -0.7071067811865475, 0.7071067811865475, -0.7071067811865477, 0, 0)]","status":"PASS"},{"name":"CSS Animations: property <transform> from [rotateZ(0deg)] to [rotateZ(900deg)] at (0.75) should be [matrix(0.7071067811865479, -0.7071067811865472, 0.7071067811865472, 0.7071067811865479, 0, 0)]","status":"PASS"},{"name":"CSS Animations: property <transform> from [rotateZ(0deg)] to [rotateZ(900deg)] at (1) should be [matrix(-1, 6.123233995736766e-16, -6.123233995736766e-16, -1, 0, 0)]","status":"PASS"},{"name":"CSS Animations: property <transform> from [rotateZ(0deg)] to [rotateZ(900deg)] at (2) should be [matrix(1, -1.2246467991473533e-15, 1.2246467991473533e-15, 1, 0, 0)]","status":"PASS"},{"name":"Web Animations: property <transform> from [rotateZ(0deg)] to [rotateZ(900deg)] at (-1) should be [matrix(-1, -6.123233995736766e-16, 6.123233995736766e-16, -1, 0, 0)]","status":"PASS"},{"name":"Web Animations: property <transform> from [rotateZ(0deg)] to [rotateZ(900deg)] at (0) should be [matrix(1, 0, 0, 1, 0, 0)]","status":"PASS"},{"name":"Web Animations: property <transform> from [rotateZ(0deg)] to [rotateZ(900deg)] at (0.25) should be [matrix(-0.7071067811865477, -0.7071067811865475, 0.7071067811865475, -0.7071067811865477, 0, 0)]","status":"PASS"},{"name":"Web Animations: property <transform> from [rotateZ(0deg)] to [rotateZ(900deg)] at (0.75) should be [matrix(0.7071067811865479, -0.7071067811865472, 0.7071067811865472, 0.7071067811865479, 0, 0)]","status":"PASS"},{"name":"Web Animations: property <transform> from [rotateZ(0deg)] to [rotateZ(900deg)] at (1) should be [matrix(-1, 6.123233995736766e-16, -6.123233995736766e-16, -1, 0, 0)]","status":"PASS"},{"name":"Web Animations: property <transform> from [rotateZ(0deg)] to [rotateZ(900deg)] at (2) should be [matrix(1, -1.2246467991473533e-15, 1.2246467991473533e-15, 1, 0, 0)]","status":"PASS"},{"name":"CSS Transitions: property <transform> from [rotateX(0deg)] to [rotateY(900deg)] at (-1) should be [matrix3d(-1, 0, 6.123233995736766e-16, 0, 0, 1, 0, 0, -6.123233995736766e-16, 0, -1, 0, 0, 0, 0, 1)]","status":"FAIL"},{"name":"CSS Transitions: property <transform> from [rotateX(0deg)] to [rotateY(900deg)] at (0) should be [matrix(1, 0, 0, 1, 0, 0)]","status":"PASS"},{"name":"CSS Transitions: property <transform> from [rotateX(0deg)] to [rotateY(900deg)] at (0.25) should be [matrix3d(-0.7071067811865477, 0, 0.7071067811865475, 0, 0, 1, 0, 0, -0.7071067811865475, 0, -0.7071067811865477, 0, 0, 0, 0, 1)]","status":"FAIL"},{"name":"CSS Transitions: property <transform> from [rotateX(0deg)] to [rotateY(900deg)] at (0.75) should be [matrix3d(0.7071067811865479, 0, 0.7071067811865472, 0, 0, 1, 0, 0, -0.7071067811865472, 0, 0.7071067811865479, 0, 0, 0, 0, 1)]","status":"FAIL"},{"name":"CSS Transitions: property <transform> from [rotateX(0deg)] to [rotateY(900deg)] at (1) should be [matrix3d(-1, 0, -6.123233995736766e-16, 0, 0, 1, 0, 0, 6.123233995736766e-16, 0, -1, 0, 0, 0, 0, 1)]","status":"FAIL"},{"name":"CSS Transitions: property <transform> from [rotateX(0deg)] to [rotateY(900deg)] at (2) should be [matrix3d(1, 0, 1.2246467991473533e-15, 0, 0, 1, 0, 0, -1.2246467991473533e-15, 0, 1, 0, 0, 0, 0, 1)]","status":"FAIL"},{"name":"CSS Transitions with transition: all: property <transform> from [rotateX(0deg)] to [rotateY(900deg)] at (-1) should be [matrix3d(-1, 0, 6.12